[ 38  76  72 103  71  55  61  78  40 131  53  43  63  71 121 106  33  55
  71  59  46  71  96  64  50 132  76 135  89  48  33  45  29  62  32 111
 100  74  80  37  44  56  34  38  98  53  41  41 100  78  37  64  43  55
  40  67  38  64 128  80  45  38 125  71  37  72  28  32  75  72 113  43
  23  50  39  51  39  62  53  38  46  58  40  35  66  44  80  67  33  47
  79  81  51 139 104  74 122  36 117  41  48 126  52  77  43 108  29  38
 116 137  31 115  82  43  35  56  53  37 104  65  69  60  34  32 150  68
  76 109 103  85  32  57  54 139  73 115  29  61  45  61 135 121 108 102
  34  79  36 153 135  81  80  94  63  42  93  42  88  71 123  80  63  56
  61  62  77 127  71  55  41  36  35  88  64  89  38  18  36  39  38 142
  42  32  27  50 114 157  47  78 131  29  56  31  48  44  20  57 131  30
  24 111 104  43  70  59  64  38 100  48 129  86  81  35  35  46 125  27
  34  42  61  76  55 138  26  47  49  49  51  56  86  29  67  63  66 117
  30  30  20  89  76 202  32  72  40  31  34  41  73  31  80  25  75 142
  66  79  72  44  75  53  59  69  43 111  94 113 129  53 132  82  91  43
 139  76  69  53  76 122  45  52  92  33  67  85  67 108  65  35  34  71
  84 111 118  60  55  71  68 145  96  32  38 151  28  21  98  36 116 131
  39  49 153  68 117 120  24  84  31  69 116 122  34  87  45  79  21  98
 109  71  53  61  29  36  60  75  90  16  26 132  31  30  34  38  58 133
  28  66  41 117 116  31  47 137  92  52  34  33  67 152 162  25  94 110
  57  26  34 119  26 141  81  52  33]
[ 35  73  77  61  58  43  66  56  40 120  77  55  47  51  73  76  27 100
  76  37  34  49 120  51  44 100  61 172  68  43  54  57  29  50  47 131
 132  76  51  32  51  84  25  45  76  30  45  38 110  61  30  43  50  55
  45  91  30  73  79  73  42  41  93  78  47  71  38  32  66  66 135  49
  39  56  48  51  29  36  42  39  47  27  43  32  73  51  68  35  47  81
  81  63 114  75  62 118  56 139  41  55  77  35 260  40  95  35  39 142
 162  28 131  79  41  50  61  63  34  58  64  76  34  30  44 187  55  61
 111  71  64  28  49  52  96  75 172  41  56  61  51 107 107  87  59  57
  62  32 155 104  63  62  95  46  38 107  37  88  84 126  52  59  63  58
  79 100  91  55  57  43  53  34 148  59 164  40  18  32  31  49 122  35
  27  32  62 167 161  38  82 171  33  77  31  71  47  46  50 170  41  30
  92 129  42  36  48  53  29  69  48 153  96  85  21  36  48  95  19  32
  46  61  81  44  66  41  56  49  35  45  31  86  29  80  68  76 120  26
  30  27  89 111 195  35  56  40  27  30  37  71  31  71  27  51  85  92
  83  84  37  77  49  71  48  36 117 123 115 132  49  88 107  76  27 155
  65  60  41  63 111  34  51  76  28  71  91  80 149  74  35  34  81  92
 152 118  54  68  55  58 130 101  39  28 134  42  26 117  62  91  92  60
  65 103  71 100 121  35  77  37  86 144 148  44  90  36 125  28  97 121
  74  56  51  28  28  54  74  76  40  37  97  34  32  65  43  55 129  28
  70  36 143 139  40  53  88  76  47  40  32  52 121 169  26  76 161  43
  26  66 130  38 108  54  48  33]
[ 35  73  77  61  58  43  66  56  40 120  77  55  47  51  73  76  27 100
  76  37  34  49 120  51  44 100  61 172  68  43  54  57  29  50  47 131
 132  76  51  32  51  84  25  45  76  30  45  38 110  61  30  43  50  55
  45  91  30  73  79  73  42  41  93  78  47  71  38  32  66  66 135  49
  39  56  48  51  29  36  42  39  47  27  43  32  73  51  68  35  47  81
  81  63 114  75  62 118  56 139  41  55  77  35 260  40  95  35  39 142
 162  28 131  79  41  50  61  63  34  58  64  76  34  30  44 187  55  61
 111  71  64  28  49  52  96  75 172  41  56  61  51 107 107  87  59  57
  62  32 155 104  63  62  95  46  38 107  37  88  84 126  52  59  63  58
  79 100  91  55  57  43  53  34 148  59 164  40  18  32  31  49 122  35
  27  32  62 167 161  38  82 171  33  77  31  71  47  46  50 170  41  30
  92 129  42  36  48  53  29  69  48 153  96  85  21  36  48  95  19  32
  46  61  81  44  66  41  56  49  35  45  31  86  29  80  68  76 120  26
  30  27  89 111 195  35  56  40  27  30  37  71  31  71  27  51  85  92
  83  84  37  77  49  71  48  36 117 123 115 132  49  88 107  76  27 155
  65  60  41  63 111  34  51  76  28  71  91  80 149  74  35  34  81  92
 152 118  54  68  55  58 130 101  39  28 134  42  26 117  62  91  92  60
  65 103  71 100 121  35  77  37  86 144 148  44  90  36 125  28  97 121
  74  56  51  28  28  54  74  76  40  37  97  34  32  65  43  55 129  28
  70  36 143 139  40  53  88  76  47  40  32  52 121 169  26  76 161  43
  26  66 130  38 108  54  48  33]
